2.000
1.915
1.673
1.307
0.866
0.411
0.000
-0.315
-0.500
-0.541
-0.448
-0.252
-0.000
0.252
0.448
0.541
0.500
0.315
0.000
-0.411
-0.866
-1.307
-1.673
-1.915
-2.000
-1.915
-1.673
-1.307
-0.866
-0.411
-0.000
0.315
0.500
0.541
0.448
0.252
0.000
-0.252
-0.448
-0.541
-0.500
-0.315
0.000
0.411
0.866
1.307
1.673
1.915
2.000
1.915
1.673
1.307
0.866
0.411
0.000
-0.315
-0.500
-0.541
-0.448
-0.252
-0.000
0.252
0.448
0.541
0.500
0.315
0.000
-0.411
-0.866
-1.307
-1.673
-1.915
-2.000
-1.915
-1.673
-1.307
-0.866
-0.411
-0.000
0.315
0.500
0.541
0.448
0.252
-0.000
-0.252
-0.448
-0.541
-0.500
-0.315
-0.000
0.411
0.866
1.307
1.673
1.915
2.000
1.915
1.673
1.307
